{
    "w": 3000,
    "h": 3000,
    "fl_x": 3104.2605681146515,
    "fl_y": 3106.741747747229,
    "cx": 1496.4241282482465,
    "cy": 1489.3033457694828,
    "k1": 0.06479568474791475,
    "k2": -0.20151620712959198,
    "p1": 0.0002999442190070342,
    "p2": -0.00023770364917890917,
    "camera_model": "OPENCV",
    "frames": [
        {
            "file_path": "images/frame_00066.jpg",
            "transform_matrix": [
                [
                    -0.5478545793817288,
                    -0.42120966179411207,
                    0.7227985754425352,
                    3.1510533597360406
                ],
                [
                    0.59649706411018,
                    -0.802465333186285,
                    -0.01551262525041783,
                    1.8148593433836961
                ],
                [
                    0.5865548673043337,
                    0.42264856541281903,
                    0.6908846342162209,
                    1.608833165782988
                ],
                [
                    0.0,
                    0.0,
                    0.0,
                    1.0
                ]
            ],
            "colmap_im_id": 66
        },
        {
            "file_path": "images/frame_00002.jpg",
            "transform_matrix": [
                [
                    -0.6242768462318833,
                    0.45123650647815683,
                    -0.6377021518547368,
                    -3.8375582392261123
                ],
                [
                    -0.5693658648967744,
                    -0.8217316188834687,
                    -0.024076096392516098,
                    1.7272071089426928
                ],
                [
                    -0.5348840352348548,
                    0.3480556877118117,
                    0.7699066872695264,
                    2.6204756942060143
                ],
                [
                    0.0,
                    0.0,
                    0.0,
                    1.0
                ]
            ],
            "colmap_im_id": 2
        },
        {
            "file_path": "images/frame_00003.jpg",
            "transform_matrix": [
                [
                    -0.6108438421450137,
                    0.5764861294344864,
                    -0.5427094462814909,
                    -3.343239657394656
                ],
                [
                    -0.586966160086628,
                    -0.7897471285148816,
                    -0.1782419701295365,
                    0.5144727160729561
                ],
                [
                    -0.5313572502814625,
                    0.20967406986116388,
                    0.8207900200423853,
                    3.2244281904249243
                ],
                [
                    0.0,
                    0.0,
                    0.0,
                    1.0
                ]
            ],
            "colmap_im_id": 3
        },
        {
            "file_path": "images/frame_00004.jpg",
            "transform_matrix": [
                [
                    -0.3971341296746935,
                    0.4112948310502024,
                    -0.8204395437805954,
                    -4.233346022758415
                ],
                [
                    -0.6508240546818044,
                    -0.7565081952430548,
                    -0.06421370864257236,
                    2.1475685981186814
                ],
                [
                    -0.6470800050187471,
                    0.5084603352096231,
                    0.568115793323383,
                    0.7254562774473461
                ],
                [
                    0.0,
                    0.0,
                    0.0,
                    1.0
                ]
            ],
            "colmap_im_id": 4
        },
        {
            "file_path": "images/frame_00005.jpg",
            "transform_matrix": [
                [
                    -0.36848238708104897,
                    0.49836700628333247,
                    -0.7847617838932011,
                    -4.172246055711893
                ],
                [
                    -0.6581457206004739,
                    -0.7360400655406732,
                    -0.15839580920644078,
                    1.266676317908662
                ],
                [
                    -0.6565553600926073,
                    0.4581215438800816,
                    0.5992159128115646,
                    1.4978941341962597
                ],
                [
                    0.0,
                    0.0,
                    0.0,
                    1.0
                ]
            ],
            "colmap_im_id": 5
        },
        {
            "file_path": "images/frame_00006.jpg",
            "transform_matrix": [
                [
                    -0.3560743851276823,
                    0.6334631274377339,
                    -0.6869756170583862,
                    -3.732587578615975
                ],
                [
                    -0.6795329389628044,
                    -0.6801671776735513,
                    -0.27496835323391466,
                    0.1821466841160357
                ],
                [
                    -0.6414405795711078,
                    0.3689133727481325,
                    0.6726491702864725,
                    2.313208540688792
                ],
                [
                    0.0,
                    0.0,
                    0.0,
                    1.0
                ]
            ],
            "colmap_im_id": 6
        },
        {
            "file_path": "images/frame_00007.jpg",
            "transform_matrix": [
                [
                    -0.07014649360089979,
                    0.45658548746222494,
                    -0.8869098951271097,
                    -4.19039156627024
                ],
                [
                    -0.7009605327853458,
                    -0.6551512268760075,
                    -0.28183541544693436,
                    1.09955916541609
                ],
                [
                    -0.7097420664669544,
                    0.6019190664547388,
                    0.36600496789725784,
                    -0.2658321420000026
                ],
                [
                    0.0,
                    0.0,
                    0.0,
                    1.0
                ]
            ],
            "colmap_im_id": 7
        },
        {
            "file_path": "images/frame_00008.jpg",
            "transform_matrix": [
                [
                    -0.05538392400372915,
                    0.567439447120918,
                    -0.8215504213455522,
                    -4.063635394483601
                ],
                [
                    -0.7044923956125149,
                    -0.6052824561476384,
                    -0.37057200758289993,
                    0.41359188669154784
                ],
                [
                    -0.7075472319824926,
                    0.5582522925443195,
                    0.43327969301932867,
                    0.326627373272321
                ],
                [
                    0.0,
                    0.0,
                    0.0,
                    1.0
                ]
            ],
            "colmap_im_id": 8
        },
        {
            "file_path": "images/frame_00009.jpg",
            "transform_matrix": [
                [
                    -0.04633545629233706,
                    0.680169099529113,
                    -0.7315893804149546,
                    -3.64264215320857
                ],
                [
                    -0.7238080701894863,
                    -0.527602437627511,
                    -0.44467689993756154,
                    -0.4165845339390511
                ],
                [
                    -0.6884438270612592,
                    0.5089259905480013,
                    0.5167585830211077,
                    1.139997159733963
                ],
                [
                    0.0,
                    0.0,
                    0.0,
                    1.0
                ]
            ],
            "colmap_im_id": 9
        },
        {
            "file_path": "images/frame_00010.jpg",
            "transform_matrix": [
                [
                    0.11819098974597377,
                    0.448428639109991,
                    -0.8859698897642228,
                    -4.338873260881991
                ],
                [
                    -0.7036483083960784,
                    -0.5917268827868193,
                    -0.39336796295419296,
                    0.6900427325105709
                ],
                [
                    -0.7006496614101834,
                    0.6699037630983687,
                    0.24559926741022664,
                    -0.769427874190777
                ],
                [
                    0.0,
                    0.0,
                    0.0,
                    1.0
                ]
            ],
            "colmap_im_id": 10
        },
        {
            "file_path": "images/frame_00011.jpg",
            "transform_matrix": [
                [
                    0.13664020690698186,
                    0.528449890502841,
                    -0.8378962746569246,
                    -4.1040004606998925
                ],
                [
                    -0.6999739655059778,
                    -0.5470139899103716,
                    -0.45914283448200793,
                    0.03814475210558275
                ],
                [
                    -0.7009749649383022,
                    0.6492429499577728,
                    0.2951570606641063,
                    -0.09069016285812927
                ],
                [
                    0.0,
                    0.0,
                    0.0,
                    1.0
                ]
            ],
            "colmap_im_id": 11
        },
        {
            "file_path": "images/frame_00012.jpg",
            "transform_matrix": [
                [
                    0.11079442783867793,
                    0.6879768348346536,
                    -0.7172255360002121,
                    -3.5717731207053256
                ],
                [
                    -0.7184088246067544,
                    -0.44322908499080327,
                    -0.5361312702551088,
                    -0.46668085178747304
                ],
                [
                    -0.6867411124194044,
                    0.5746615116302005,
                    0.44514131639722226,
                    0.658026799405273
                ],
                [
                    0.0,
                    0.0,
                    0.0,
                    1.0
                ]
            ],
            "colmap_im_id": 12
        },
        {
            "file_path": "images/frame_00013.jpg",
            "transform_matrix": [
                [
                    0.3719607789530826,
                    0.4327820041710272,
                    -0.8211850679270328,
                    -3.8256972071895343
                ],
                [
                    -0.684770462972554,
                    -0.4693251595495228,
                    -0.5575152981346514,
                    -0.042648672052646615
                ],
                [
                    -0.6266854011072626,
                    0.7696971037229672,
                    0.12178578143406367,
                    -1.2807574396949664
                ],
                [
                    0.0,
                    0.0,
                    0.0,
                    1.0
                ]
            ],
            "colmap_im_id": 13
        },
        {
            "file_path": "images/frame_00014.jpg",
            "transform_matrix": [
                [
                    0.3529592057595355,
                    0.5553493482298163,
                    -0.7529986059019751,
                    -3.5211050351837447
                ],
                [
                    -0.67641867983088,
                    -0.40457803654412455,
                    -0.6154464898932738,
                    -0.7742147634323087
                ],
                [
                    -0.6464345045288419,
                    0.7265698271789298,
                    0.23284913052818462,
                    -0.6492550819929518
                ],
                [
                    0.0,
                    0.0,
                    0.0,
                    1.0
                ]
            ],
            "colmap_im_id": 14
        },
        {
            "file_path": "images/frame_00015.jpg",
            "transform_matrix": [
                [
                    0.3580810089630294,
                    0.6876105161806801,
                    -0.6316405378518369,
                    -2.994079953221457
                ],
                [
                    -0.6738890201805069,
                    -0.2779132787268078,
                    -0.6845712512131018,
                    -1.096715609051543
                ],
                [
                    -0.6462596842602636,
                    0.6707875875007336,
                    0.3638577097640921,
                    0.04849923194391981
                ],
                [
                    0.0,
                    0.0,
                    0.0,
                    1.0
                ]
            ],
            "colmap_im_id": 15
        },
        {
            "file_path": "images/frame_00016.jpg",
            "transform_matrix": [
                [
                    0.5292590478800986,
                    0.34087772801599997,
                    -0.776973123589035,
                    -3.2549242456651886
                ],
                [
                    -0.5909470423162154,
                    -0.5090056289310272,
                    -0.6258553050779766,
                    -0.39455139896967373
                ],
                [
                    -0.6088238278966825,
                    0.7903895522204095,
                    -0.06795514937111986,
                    -2.040910081720243
                ],
                [
                    0.0,
                    0.0,
                    0.0,
                    1.0
                ]
            ],
            "colmap_im_id": 16
        },
        {
            "file_path": "images/frame_00017.jpg",
            "transform_matrix": [
                [
                    0.5504663502997174,
                    0.46794776500929586,
                    -0.6913838922122167,
                    -3.113519864175183
                ],
                [
                    -0.5694441387239764,
                    -0.3951475901981998,
                    -0.7208271324204331,
                    -1.028145083712573
                ],
                [
                    -0.6105081244837106,
                    0.790495585808903,
                    0.048954660207396423,
                    -1.3731260034301749
                ],
                [
                    0.0,
                    0.0,
                    0.0,
                    1.0
                ]
            ],
            "colmap_im_id": 17
        },
        {
            "file_path": "images/frame_00018.jpg",
            "transform_matrix": [
                [
                    0.564503218360127,
                    0.5862427847241038,
                    -0.5810813315018706,
                    -3.194081597224255
                ],
                [
                    -0.5756849234550929,
                    -0.22488121983731166,
                    -0.7861394951730808,
                    -2.0708282830208447
                ],
                [
                    -0.5915428854846984,
                    0.7782980369520476,
                    0.21054496030308267,
                    -0.5823583474922595
                ],
                [
                    0.0,
                    0.0,
                    0.0,
                    1.0
                ]
            ],
            "colmap_im_id": 18
        },
        {
            "file_path": "images/frame_00019.jpg",
            "transform_matrix": [
                [
                    0.681588673897499,
                    0.2557018491926255,
                    -0.685604436927096,
                    -3.0299517778073786
                ],
                [
                    -0.5039406376195587,
                    -0.5153123391409283,
                    -0.6931789284771264,
                    -0.9968917427066183
                ],
                [
                    -0.5305475599512651,
                    0.8179668437342533,
                    -0.22237250095545147,
                    -2.686006458756472
                ],
                [
                    0.0,
                    0.0,
                    0.0,
                    1.0
                ]
            ],
            "colmap_im_id": 19
        },
        {
            "file_path": "images/frame_00020.jpg",
            "transform_matrix": [
                [
                    0.6965748404043589,
                    0.4048628683393702,
                    -0.5923424259291747,
                    -2.767038976720681
                ],
                [
                    -0.5099165084721936,
                    -0.3014418161906919,
                    -0.80567858717927,
                    -1.6519268740807473
                ],
                [
                    -0.5047461204439015,
                    0.8632606149313631,
                    -0.003530524770582431,
                    -1.728066077409251
                ],
                [
                    0.0,
                    0.0,
                    0.0,
                    1.0
                ]
            ],
            "colmap_im_id": 20
        },
        {
            "file_path": "images/frame_00021.jpg",
            "transform_matrix": [
                [
                    0.6880906342988062,
                    0.5266420021692848,
                    -0.4991788061821073,
                    -2.5762597377456156
                ],
                [
                    -0.520199446410845,
                    -0.1215893488750613,
                    -0.8453452349152913,
                    -2.175440317907437
                ],
                [
                    -0.5058891330559663,
                    0.8413466775302948,
                    0.19029438579374114,
                    -0.8135512727196441
                ],
                [
                    0.0,
                    0.0,
                    0.0,
                    1.0
                ]
            ],
            "colmap_im_id": 21
        },
        {
            "file_path": "images/frame_00022.jpg",
            "transform_matrix": [
                [
                    0.834434549073685,
                    0.21955483484207847,
                    -0.5054845772223555,
                    -2.0032625031360145
                ],
                [
                    -0.3761217278586697,
                    -0.443516505753459,
                    -0.8135266160101037,
                    -1.0569205439506215
                ],
                [
                    -0.40280445521965713,
                    0.8689584475806132,
                    -0.28750615164459653,
                    -2.917073391084494
                ],
                [
                    0.0,
                    0.0,
                    0.0,
                    1.0
                ]
            ],
            "colmap_im_id": 22
        },
        {
            "file_path": "images/frame_00023.jpg",
            "transform_matrix": [
                [
                    0.8378908906072937,
                    0.3387627664292739,
                    -0.4279937423824106,
                    -1.9325269710761126
                ],
                [
                    -0.37781816061149787,
                    -0.2059601488174976,
                    -0.9026814801530042,
                    -1.9829332167242555
                ],
                [
                    -0.39394453029514237,
                    0.9180523978402646,
                    -0.04458140722633308,
                    -1.8555106439222475
                ],
                [
                    0.0,
                    0.0,
                    0.0,
                    1.0
                ]
            ],
            "colmap_im_id": 23
        },
        {
            "file_path": "images/frame_00024.jpg",
            "transform_matrix": [
                [
                    0.8279101066669626,
                    0.43849627445593586,
                    -0.3496939698750368,
                    -1.6696935371367714
                ],
                [
                    -0.3754100896208943,
                    -0.029969806637452766,
                    -0.926374155134385,
                    -2.326355073945965
                ],
                [
                    -0.41669187643813116,
                    0.8982331701615,
                    0.13980361988192938,
                    -0.9033008326070638
                ],
                [
                    0.0,
                    0.0,
                    0.0,
                    1.0
                ]
            ],
            "colmap_im_id": 24
        },
        {
            "file_path": "images/frame_00025.jpg",
            "transform_matrix": [
                [
                    0.9257883934523329,
                    0.148894063889178,
                    -0.3474858389740706,
                    -1.3602753970409225
                ],
                [
                    -0.25769743435473236,
                    -0.4239742365614776,
                    -0.8682383768638084,
                    -1.268049222974832
                ],
                [
                    -0.27660058365075224,
                    0.893351221228626,
                    -0.354140809076539,
                    -3.0762629920434
                ],
                [
                    0.0,
                    0.0,
                    0.0,
                    1.0
                ]
            ],
            "colmap_im_id": 25
        },
        {
            "file_path": "images/frame_00026.jpg",
            "transform_matrix": [
                [
                    0.9255532775009675,
                    0.21223966838147695,
                    -0.3135370052681789,
                    -1.3821004765187257
                ],
                [
                    -0.26146993208307995,
                    -0.24062529869008628,
                    -0.9347368294053553,
                    -1.8462453971647623
                ],
                [
                    -0.27383317023999654,
                    0.9471292355299924,
                    -0.16721724217521833,
                    -2.52765704803844
                ],
                [
                    0.0,
                    0.0,
                    0.0,
                    1.0
                ]
            ],
            "colmap_im_id": 26
        },
        {
            "file_path": "images/frame_00027.jpg",
            "transform_matrix": [
                [
                    0.9207535068125499,
                    0.2921574558345178,
                    -0.2585672073034277,
                    -1.1523771406212104
                ],
                [
                    -0.26232176407025004,
                    -0.026975552162746476,
                    -0.964603344220093,
                    -2.124796862131351
                ],
                [
                    -0.28879105212499934,
                    0.9559897178243166,
                    0.05180142494873321,
                    -1.276962615276591
                ],
                [
                    0.0,
                    0.0,
                    0.0,
                    1.0
                ]
            ],
            "colmap_im_id": 27
        },
        {
            "file_path": "images/frame_00028.jpg",
            "transform_matrix": [
                [
                    0.9817446748614852,
                    0.08610608443394024,
                    -0.16959697993942022,
                    -0.621787613151978
                ],
                [
                    -0.12654735945423992,
                    -0.36997387813870075,
                    -0.9203831241989225,
                    -1.51979928291682
                ],
                [
                    -0.14199703939264482,
                    0.9250432809974165,
                    -0.3523233870824626,
                    -3.4608205366678955
                ],
                [
                    0.0,
                    0.0,
                    0.0,
                    1.0
                ]
            ],
            "colmap_im_id": 28
        },
        {
            "file_path": "images/frame_00029.jpg",
            "transform_matrix": [
                [
                    0.984269605722478,
                    0.12544593697226245,
                    -0.12440522556576467,
                    -0.5188506402717422
                ],
                [
                    -0.11038657426860685,
                    -0.11312643847934123,
                    -0.987429599079459,
                    -2.2844638877103987
                ],
                [
                    -0.13794255134714223,
                    0.9856296088359617,
                    -0.09749936776056574,
                    -2.0412223983342113
                ],
                [
                    0.0,
                    0.0,
                    0.0,
                    1.0
                ]
            ],
            "colmap_im_id": 29
        },
        {
            "file_path": "images/frame_00030.jpg",
            "transform_matrix": [
                [
                    0.9832130924968558,
                    0.15164255925495285,
                    -0.10147191219927541,
                    -0.5648241611276135
                ],
                [
                    -0.11114848946658155,
                    0.056738433632707336,
                    -0.9921828276271487,
                    -2.5246678290542075
                ],
                [
                    -0.1446997858742941,
                    0.9868055960377986,
                    0.07264081219547638,
                    -1.0001130755707162
                ],
                [
                    0.0,
                    0.0,
                    0.0,
                    1.0
                ]
            ],
            "colmap_im_id": 30
        },
        {
            "file_path": "images/frame_00031.jpg",
            "transform_matrix": [
                [
                    0.9998990477800601,
                    0.01298411898379894,
                    0.005771213281771402,
                    0.03623201634474878
                ],
                [
                    0.011149545131381762,
                    -0.46519018445837274,
                    -0.885140542471617,
                    -1.6519471612875214
                ],
                [
                    -0.008808058349739963,
                    0.8851155319718437,
                    -0.4652879894971585,
                    -3.642290128976984
                ],
                [
                    0.0,
                    0.0,
                    0.0,
                    1.0
                ]
            ],
            "colmap_im_id": 31
        },
        {
            "file_path": "images/frame_00032.jpg",
            "transform_matrix": [
                [
                    0.9996127901697855,
                    0.020265396643970087,
                    0.019067863746079276,
                    0.0769950709992936
                ],
                [
                    0.023658125827197278,
                    -0.25824372942882334,
                    -0.9657900751680134,
                    -2.298697543229217
                ],
                [
                    -0.014647962702061316,
                    0.9658672216767455,
                    -0.25862317622193837,
                    -2.8485342229023445
                ],
                [
                    0.0,
                    0.0,
                    0.0,
                    1.0
                ]
            ],
            "colmap_im_id": 32
        },
        {
            "file_path": "images/frame_00033.jpg",
            "transform_matrix": [
                [
                    0.9999977730792785,
                    0.001801220812420227,
                    0.0010997454563661353,
                    -0.04103854239415529
                ],
                [
                    0.0011124812904069008,
                    -0.00708499451129848,
                    -0.9999742822883763,
                    -2.5472793936177243
                ],
                [
                    -0.0017933827986206235,
                    0.9999732788711704,
                    -0.007086982558031101,
                    -1.61846944020299
                ],
                [
                    0.0,
                    0.0,
                    0.0,
                    1.0
                ]
            ],
            "colmap_im_id": 33
        },
        {
            "file_path": "images/frame_00034.jpg",
            "transform_matrix": [
                [
                    0.9856389094429081,
                    -0.035005188466835785,
                    0.165198598579395,
                    0.7209473844487577
                ],
                [
                    0.136583973727233,
                    -0.41001484431014,
                    -0.9017941259324158,
                    -1.6572442319155731
                ],
                [
                    0.09930135101333368,
                    0.9114068598741907,
                    -0.399345436259379,
                    -3.560093505207756
                ],
                [
                    0.0,
                    0.0,
                    0.0,
                    1.0
                ]
            ],
            "colmap_im_id": 34
        },
        {
            "file_path": "images/frame_00035.jpg",
            "transform_matrix": [
                [
                    0.9844141836259106,
                    -0.07810432161939902,
                    0.15757039703099518,
                    0.5987350889050669
                ],
                [
                    0.13719549871178027,
                    -0.21949081394070402,
                    -0.9659198609247421,
                    -2.2504072044987997
                ],
                [
                    0.11002777017352429,
                    0.9724831605431636,
                    -0.20535430906270602,
                    -2.4928319492606414
                ],
                [
                    0.0,
                    0.0,
                    0.0,
                    1.0
                ]
            ],
            "colmap_im_id": 35
        },
        {
            "file_path": "images/frame_00036.jpg",
            "transform_matrix": [
                [
                    0.9883767127744175,
                    -0.08761416733605924,
                    0.12423860642829923,
                    0.433948204675383
                ],
                [
                    0.12363184924160234,
                    -0.012339267443204967,
                    -0.9922514340287277,
                    -2.4904385015724615
                ],
                [
                    0.08846829657192758,
                    0.9960780592709458,
                    -0.0013639430660390996,
                    -1.4165590990538388
                ],
                [
                    0.0,
                    0.0,
                    0.0,
                    1.0
                ]
            ],
            "colmap_im_id": 36
        },
        {
            "file_path": "images/frame_00037.jpg",
            "transform_matrix": [
                [
                    0.9587591882547322,
                    -0.07904475901166694,
                    0.27300685890635473,
                    1.212789877502121
                ],
                [
                    0.21553950193264543,
                    -0.42391609462912244,
                    -0.879680548734039,
                    -1.371262976909952
                ],
                [
                    0.18526613841647885,
                    0.9022455712205963,
                    -0.389396182786973,
                    -3.3350199316911433
                ],
                [
                    0.0,
                    0.0,
                    0.0,
                    1.0
                ]
            ],
            "colmap_im_id": 37
        },
        {
            "file_path": "images/frame_00038.jpg",
            "transform_matrix": [
                [
                    0.9629582565798787,
                    -0.1259089519640764,
                    0.23844985196042495,
                    0.9985481224532787
                ],
                [
                    0.20895529979735888,
                    -0.2105047444890841,
                    -0.9550002278712718,
                    -2.2417729014260863
                ],
                [
                    0.17043790297711514,
                    0.9694507147673332,
                    -0.1763979389501764,
                    -2.2688201467097584
                ],
                [
                    0.0,
                    0.0,
                    0.0,
                    1.0
                ]
            ],
            "colmap_im_id": 38
        },
        {
            "file_path": "images/frame_00039.jpg",
            "transform_matrix": [
                [
                    0.9652930211828822,
                    -0.17272669486515757,
                    0.19589505388493714,
                    0.6977815454569934
                ],
                [
                    0.1979774035499914,
                    -0.0052606243501397846,
                    -0.9801924675873871,
                    -2.4567531644297937
                ],
                [
                    0.1703359355486315,
                    0.9849557425145586,
                    0.029117938600920865,
                    -1.1365776943111219
                ],
                [
                    0.0,
                    0.0,
                    0.0,
                    1.0
                ]
            ],
            "colmap_im_id": 39
        },
        {
            "file_path": "images/frame_00040.jpg",
            "transform_matrix": [
                [
                    0.8887786164682108,
                    -0.17333594624246002,
                    0.4242961473417877,
                    1.5889600872017142
                ],
                [
                    0.3390179373568329,
                    -0.3743686912254995,
                    -0.8630845388375494,
                    -1.208125791436702
                ],
                [
                    0.30844676859901066,
                    0.9109350870234044,
                    -0.27396689247150063,
                    -3.1206895056442714
                ],
                [
                    0.0,
                    0.0,
                    0.0,
                    1.0
                ]
            ],
            "colmap_im_id": 40
        },
        {
            "file_path": "images/frame_00041.jpg",
            "transform_matrix": [
                [
                    0.9008722350696302,
                    -0.248248428191621,
                    0.3560925918648664,
                    1.4807441889713064
                ],
                [
                    0.3225330942422154,
                    -0.16621905968236844,
                    -0.9318495733308308,
                    -2.0651339908924298
                ],
                [
                    0.2905195676700469,
                    0.9543290533661325,
                    -0.06967380212181765,
                    -1.9433606148622622
                ],
                [
                    0.0,
                    0.0,
                    0.0,
                    1.0
                ]
            ],
            "colmap_im_id": 41
        },
        {
            "file_path": "images/frame_00042.jpg",
            "transform_matrix": [
                [
                    0.899183972587133,
                    -0.3248830726148865,
                    0.29311972395376634,
                    1.117242286077909
                ],
                [
                    0.31807970282486486,
                    0.025285322445107603,
                    -0.9477267301916162,
                    -2.2553469089422364
                ],
                [
                    0.30048874536872,
                    0.945416120868032,
                    0.12607486787451047,
                    -0.6956262892464162
                ],
                [
                    0.0,
                    0.0,
                    0.0,
                    1.0
                ]
            ],
            "colmap_im_id": 42
        },
        {
            "file_path": "images/frame_00043.jpg",
            "transform_matrix": [
                [
                    0.7612570546297915,
                    -0.1822458448946451,
                    0.6223135454053781,
                    2.3213925659601578
                ],
                [
                    0.47232601445618044,
                    -0.5017047021932088,
                    -0.7247072014718521,
                    -0.8607941015584829
                ],
                [
                    0.4442925082018766,
                    0.8456233463048785,
                    -0.2958467903152318,
                    -2.942187250964255
                ],
                [
                    0.0,
                    0.0,
                    0.0,
                    1.0
                ]
            ],
            "colmap_im_id": 43
        },
        {
            "file_path": "images/frame_00044.jpg",
            "transform_matrix": [
                [
                    0.7682026150029408,
                    -0.3108761617514476,
                    0.559661285383696,
                    2.1950075470829664
                ],
                [
                    0.4601095411071484,
